0 0
1 1
2 2
3 3
4 4
5 5
6 6
7 7
8 8
9 9
10 10
11 1
12 1
13 8
14 11
15 7
16 12
17 13
18 14
19 15
20 16
21 0
22 17
23 18
24 19
25 2
26 5
27 20
28 21
29 22
30 23
31 23
32 14
33 24
34 25
35 26
36 27
37 28
38 29
39 10
40 9
41 30
42 31
43 32
44 33
45 23
46 34
47 35
48 36
49 37
50 21
51 38
52 39
53 40
54 41
55 9
56 3
57 42
58 43
59 44
60 45
61 13
62 46
63 47
64 48
65 49
66 50
67 51
68 42
69 44
70 44
71 52
72 53
73 54
74 55
75 56
76 17
77 57
78 58
79 59
80 60
81 38
82 61
83 62
84 3
85 3
86 63
87 46
88 64
89 65
90 66
91 67
92 68
93 69
94 70
95 23
96 23
97 71
98 18
99 72
100 73
101 58
102 3
103 74
104 75
105 76
106 40
107 77
108 40
109 70
110 78
111 79
112 80
113 81
114 82
115 73
116 83
117 84
118 85
119 86
120 87
121 30
122 38
123 88
124 89
125 90
126 74
127 91
128 92
129 23
130 13
131 39
132 93
133 58
134 94
135 95
136 15
137 30
138 5
139 96
140 97
141 46
142 8
143 98
144 99
145 100
146 101
147 102
148 84
149 103
150 104
151 105
152 78
153 106
155 108
156 109
157 1
158 74
159 110
160 111
161 112
162 113
163 23
164 68
165 114
166 115
167 34
168 31
169 87
170 116
171 75
172 117
173 118
174 1
175 119
176 9
177 37
178 120
179 106
180 121
181 122
182 123
183 124
184 125
185 38
186 126
187 67
188 127
189 99
190 128
191 110
192 28
193 90
194 129
195 130
196 131
197 40
198 132
199 133
200 24
201 134
202 134
203 42
204 133
205 134
206 135
207 136
208 126
209 137
210 82
211 138
212 139
213 140
214 141
215 75
216 142
217 143
218 38
219 49
220 45
221 43
222 144
224 145
225 146
226 147
227 118
228 75
229 146
230 148
231 76
232 149
233 16
234 150
235 151
236 152
237 97
237 315
238 15
239 90
240 15
241 153
242 23
243 154
244 155
245 15
246 34
247 26
248 73
249 0
250 151
251 15
252 0
253 156
254 157
255 158
256 159
257 160
258 161
259 162
260 163
261 66
262 164
263 165
264 166
265 167
266 95
267 45
268 124
269 121
270 168
271 8
272 169
273 21
274 170
275 171
276 172
277 173
278 125
279 174
280 110
281 175
282 176
283 51
284 45
285 177
286 178
287 179
288 15
289 180
290 181
291 182
292 183
293 175
294 79
295 16
296 4
297 16
298 16
299 184
300 163
301 185
302 84
303 186
304 187
305 188
306 58
307 189
308 13
309 25
310 156
311 21
312 39
313 190
314 119
315 191
316 28
317 45
318 191
319 64
320 122
321 120
322 192
323 161
324 193
325 9
326 194
327 195
328 34
329 90
330 39
331 121
332 148
333 100
334 114
335 156
336 119
337 195
338 196
339 197
340 198
341 125
342 199
343 200
344 148
345 39
346 78
347 110
348 67
349 201
350 202
351 203
353 204
354 203
355 21
356 205
357 156
358 205
359 206
360 207
361 18
362 122
363 12
364 37
365 208
366 209
367 210
368 211
369 212
370 213
371 214
372 215
373 146
374 216
375 150
376 217
377 142
378 49
379 33
380 64
381 143
382 48
383 218
384 219
385 200
386 220
387 73
388 113
389 96
390 221
391 222
392 94
393 215
394 57
395 194
396 215
397 205
398 223
399 224
400 126
401 225
402 2
403 194
405 163
406 226
407 227
408 228
409 229
410 230
411 75
412 231
413 98
414 47
415 232
416 233
417 150
418 234
419 235
420 236
421 202
423 88
424 174
425 155
426 26
427 237
428 238
429 239
430 73
431 240
432 91
433 61
434 139
435 46
436 241
437 242
438 12
439 98
440 243
441 78
442 101
443 244
444 245
445 167
446 201
447 125
448 206
449 142
450 246
451 21
452 84
453 194
454 247
455 111
456 248
457 249
458 250
459 251
460 38
461 34
462 74
463 138
464 9
465 192
466 23
467 119
468 215
469 225
470 252
471 194
472 34
474 253
475 26
476 254
477 183
478 105
480 255
481 34
482 256
483 257
484 120
485 132
486 258
487 259
488 260
489 261
490 212
491 262
492 263
493 264
494 201
495 265
496 266
497 187
498 87
499 267
500 8
501 259
502 268
503 261
504 269
505 18
506 158
507 270
508 271
509 2
510 272
511 273
512 189
513 207
514 87
515 274
516 87
517 11
518 25
519 275
520 46
521 276
522 160
523 34
524 189
525 277
527 87
528 201
529 274
530 278
531 256
532 279
533 82
534 73
535 254
536 34
537 280
538 0
539 71
540 281
541 95
542 207
543 125
544 124
545 282
546 274
547 283
548 225
549 284
550 285
551 122
552 286
553 287
554 288
555 151
556 289
557 290
558 189
559 291
560 292
561 179
562 251
563 293
564 294
565 295
566 296
567 288
568 151
569 297
570 15
571 180
572 192
573 214
575 298
576 299
577 34
578 300
579 205
580 224
581 301
582 34
583 40
584 125
585 302
586 303
587 304
588 158
589 26
590 220
591 305
592 306
593 189
594 126
595 66
596 71
597 32
598 307
599 308
600 309
601 310
602 28
603 311
604 312
605 254
606 201
607 201
608 189
609 313
610 44
611 64
612 28
614 314
615 304
616 316
617 298
618 317
619 318
620 319
621 168
622 180
623 89
624 301
625 114
626 320
627 321
628 61
629 322
630 323
631 324
632 160
633 325
634 326
635 8
636 180
637 327
638 273
639 193
640 162
641 64
642 49
643 26
644 163
645 104
646 328
647 270
648 319
649 173
650 255
651 329
652 74
653 330
654 156
655 225
656 331
657 332
658 21
659 118
660 71
661 333
662 151
663 159
664 334
665 83
666 189
667 335
668 336
669 156
670 337
671 220
672 338
673 33
674 339
675 340
676 341
677 126
678 342
679 343
681 344
682 345
683 79
684 346
685 347
686 348
687 256
688 349
689 350
690 190
691 351
692 298
693 352
694 353
695 306
696 354
697 123
698 355
699 277
700 356
701 357
702 358
703 359
704 26
705 353
706 342
707 360
708 361
709 333
710 362
711 326
712 91
713 363
714 364
715 48
716 219
717 365
718 366
719 367
720 337
721 368
722 125
723 317
724 369
725 370
726 26
727 371
728 372
729 373
730 374
731 306
732 43
734 375
735 338
736 376
737 280
738 150
739 329
740 75
741 201
742 377
744 313
745 378
746 46
747 21
748 379
749 380
751 225
752 381
753 39
754 326
755 180
756 382
757 98
758 48
759 261
760 383
761 384
762 110
763 75
764 170
765 256
766 385
767 156
768 386
769 118
770 259
771 170
772 160
773 179
775 160
776 199
777 39
778 387
779 357
780 375
781 90
782 388
783 64
784 389
785 390
786 234
787 391
788 392
789 393
790 66
791 288
792 394
793 395
794 306
795 210
796 156
797 124
798 396
799 397
800 398
801 399
802 400
803 401
804 279
805 402
806 348
807 308
808 33
809 386
810 403
811 404
812 362
813 17
814 405
815 209
816 339
817 247
818 263
819 31
820 406
821 306
822 255
823 407
824 235
825 408
826 34
827 198
828 112
829 409
830 275
831 410
832 411
833 412
834 413
835 45
836 414
837 415
838 288
839 416
840 417
841 418
842 11
843 50
844 362
845 294
846 132
847 48
848 158
849 238
850 335
851 355
852 190
853 419
854 112
855 420
856 195
857 378
858 12
859 421
860 422
861 423
862 362
863 97
864 387
865 310
866 424
867 425
868 426
869 67
870 427
871 428
872 429
873 412
875 430
876 431
877 432
878 433
879 434
880 226
881 435
882 23
883 436
884 306
885 15
886 64
887 437
888 438
889 255
890 439
891 440
892 242
893 412
894 222
895 441
896 442
897 443
898 444
899 407
900 445
901 275
902 429
903 5
905 446
906 387
907 306
908 98
909 447
910 322
911 448
911 563
912 122
913 306
914 168
915 449
917 58
918 450
919 200
920 389
921 374
922 427
923 451
924 181
925 452
926 453
927 454
928 455
929 55
930 49
932 156
933 393
934 379
935 456
936 457
937 191
938 458
939 254
940 459
941 282
942 460
944 189
945 461
946 335
947 34
948 361
949 129
950 114
951 64
952 346
953 204
954 260
955 462
956 133
957 353
958 404
959 133
960 463
961 335
962 191
963 464
964 465
965 466
966 467
967 468
968 469
969 470
970 471
971 425
972 3
973 279
974 388
975 95
976 48
977 472
978 473
979 338
980 463
981 474
982 355
983 233
984 275
985 197
986 124
987 322
988 114
989 257
990 475
991 256
992 94
993 321
994 401
995 250
996 476
997 477
998 478
999 336
1000 461
1001 25
1002 478
1003 264
1004 479
1005 384
1006 480
1007 481
1008 482
1009 150
1010 385
1011 408
1012 179
1013 71
1014 483
1015 484
1016 485
1017 486
1018 487
1019 2
1020 98
1021 488
1022 489
1023 353
1024 490
1025 491
1026 492
1027 493
1028 494
1029 71
1030 51
1031 421
1032 177
1033 495
1034 13
1035 32
1037 496
1038 497
1039 498
1040 499
1041 210
1042 261
1043 259
1044 496
1045 500
1046 501
1047 149
1048 502
1049 503
1050 274
1051 106
1052 504
1053 318
1054 505
1055 163
1056 190
1057 477
1058 395
1059 506
1060 507
1061 92
1062 508
1063 150
1064 443
1065 509
1066 510
1067 307
1068 511
1069 512
1070 513
1071 448
1072 177
1073 514
1074 515
1075 516
1077 348
1078 408
1079 517
1080 422
1081 518
1082 87
1083 519
1084 327
1085 520
1086 346
1087 521
1088 39
1089 181
1090 522
1091 407
1092 124
1093 75
1094 18
1095 466
1096 64
1097 523
1098 474
1099 39
1100 524
1101 304
1102 422
1103 227
1104 288
1105 423
1106 205
1107 127
1108 151
1109 313
1110 216
1111 195
1111 506
1111 2049
1112 288
1113 71
1114 417
1115 1
1116 505
1117 525
1118 34
1119 187
1120 526
1121 154
1122 242
1123 527
1124 50
1125 472
1126 427
1127 3
1128 378
1129 528
1130 271
1131 511
1132 529
1133 232
1134 530
1135 531
1136 532
1137 306
1138 404
1139 34
1140 122
1141 533
1142 355
1143 534
1144 329
1145 535
1146 521
1147 71
1148 536
1149 537
1150 538
1151 222
1152 288
1154 238
1155 294
1156 482
1157 539
1158 477
1159 453
1160 540
1161 195
1162 159
1163 383
1164 167
1165 541
1166 542
1167 45
1168 466
1169 463
1170 543
1171 341
1172 544
1173 545
1174 360
1175 121
1176 546
1177 547
1178 548
1179 549
1180 550
1181 450
1182 374
1183 449
1184 348
1185 551
1186 552
1187 523
1188 553
1189 157
1190 457
1191 554
1192 555
1193 556
1194 557
1195 432
1196 540
1197 558
1198 337
1199 559
1200 414
1201 560
1202 226
1203 462
1204 561
1205 358
1206 562
1207 184
1208 563
1209 183
1210 564
1211 97
1212 565
1213 118
1214 314
1215 73
1216 7
1217 566
1218 405
1219 215
1220 126
1221 261
1222 257
1223 567
1224 407
1225 568
1226 569
1227 72
1229 570
1230 103
1231 571
1232 428
1233 572
1234 351
1235 103
1236 374
1237 573
1238 15
1239 130
1240 574
1241 575
1242 576
1243 432
1244 577
1245 578
1246 499
1247 579
1248 580
1249 581
1250 125
1251 575
1252 582
1253 583
1254 584
1255 585
1256 525
1257 229
1258 420
1259 586
1260 61
1261 587
1262 588
1263 584
1264 390
1265 255
1266 362
1267 322
1268 589
1269 290
1270 448
1271 446
1272 135
1273 590
1274 220
1275 591
1276 180
1277 73
1278 55
1279 98
1280 188
1282 407
1283 223
1284 580
1285 327
1286 223
1287 257
1288 269
1289 592
1290 227
1291 408
1292 57
1293 179
1294 139
1295 278
1296 278
1297 593
1298 594
1299 309
1300 526
1301 188
1302 421
1303 269
1304 193
1305 595
1306 523
1307 194
1308 596
1309 32
1310 201
1311 580
1312 187
1313 448
1314 597
1315 598
1317 599
1318 600
1319 601
1320 316
1321 585
1322 254
1323 306
1324 602
1325 234
1326 284
1327 603
1328 604
1329 582
1330 46
1331 306
1332 605
1333 606
1334 457
1335 607
1336 608
1337 609
1338 247
1339 610
1340 408
1341 611
1342 612
1343 613
1344 369
1345 521
1346 396
1347 313
1348 614
1349 504
1350 615
1351 616
1352 333
1353 312
1354 536
1355 617
1356 229
1357 618
1358 155
1359 411
1360 619
1361 47
1362 422
1363 620
1364 424
1365 39
1366 621
1367 15
1369 98
1370 313
1371 622
1372 219
1373 623
1374 624
1375 99
1376 108
1377 625
1378 626
1379 331
1380 627
1381 45
1382 115
1383 628
1384 163
1385 629
1386 630
1387 631
1388 386
1389 541
1390 465
1391 322
1392 282
1393 146
1394 632
1395 633
1396 634
1397 483
1398 635
1399 636
1400 637
1401 32
1402 638
1403 639
1404 539
1405 640
1406 44
1407 66
1408 338
1409 98
1410 641
1411 92
1412 515
1413 629
1414 642
1415 643
1416 417
1417 423
1418 348
1419 34
1420 644
1421 645
1422 106
1423 5
1424 484
1425 45
1426 646
1427 647
1428 570
1429 648
1430 162
1431 649
1432 335
1433 650
1434 404
1435 651
1436 374
1437 652
1438 318
1439 39
1440 653
1441 450
1442 589
1443 423
1444 284
1445 654
1446 13
1447 12
1448 194
1449 655
1450 25
1451 148
1452 656
1453 657
1454 637
1455 122
1456 573
1457 420
1458 13
1459 416
1460 275
1461 603
1462 64
1463 129
1464 658
1465 306
1466 306
1467 353
1468 525
1469 521
1470 154
1471 659
1472 509
1473 95
1474 660
1475 661
1476 662
1477 663
1478 418
1479 664
1480 327
1481 526
1483 247
1484 665
1485 666
1486 221
1487 238
1488 221
1489 667
1490 668
1491 669
1492 572
1493 670
1494 490
1495 215
1496 511
1497 671
1498 456
1499 543
1500 361
1501 221
1502 15
1503 288
1504 73
1505 672
1506 475
1507 256
1508 673
1509 674
1510 100
1511 451
1512 10
1513 675
1514 209
1515 676
1516 179
1517 361
1519 677
1520 678
1521 679
1522 680
1524 681
1525 383
1526 682
1527 335
1528 683
1529 684
1530 685
1531 465
1532 686
1533 443
1534 687
1535 232
1536 688
1537 689
1538 526
1539 690
1540 691
1541 692
1542 693
1543 256
1544 694
1545 695
1546 95
1547 342
1548 696
1549 437
1550 697
1551 698
1552 699
1553 322
1554 502
1555 297
1556 411
1557 700
1558 419
1559 460
1560 701
1561 702
1562 703
1563 704
1564 617
1565 705
1567 484
1568 95
1569 706
1570 707
1571 708
1572 419
1573 709
1574 664
1575 710
1576 711
1577 712
1578 713
1579 714
1580 163
1581 10
1582 715
1583 622
1584 716
1585 717
1586 718
1587 719
1588 720
1589 133
1591 721
1592 424
1593 125
1594 280
1595 507
1596 722
1597 723
1598 301
1599 724
1600 725
1601 726
1602 255
1603 34
1604 727
1605 91
1606 470
1607 407
1608 122
1609 640
1610 158
1611 99
1612 699
1613 8
1614 225
1615 450
1616 66
1617 511
1618 154
1619 167
1620 191
1621 617
1622 728
1623 589
1624 65
1625 352
1626 459
1627 729
1628 361
1629 28
1630 730
1631 731
1632 355
1633 180
1634 338
1635 600
1636 449
1637 452
1638 505
1639 45
1640 732
1641 733
1642 734
1643 735
1644 511
1645 269
1646 525
1647 554
1648 736
1649 737
1650 76
1652 738
1653 739
1654 432
1655 440
1656 740
1657 741
1658 418
1659 574
1660 502
1661 742
1662 38
1663 67
1664 97
1665 743
1667 744
1668 745
1669 746
1670 407
1671 747
1672 621
1673 124
1674 259
1675 570
1676 79
1677 270
1678 375
1679 269
1680 380
1681 748
1682 232
1683 452
1684 261
1685 243
1686 124
1688 723
1689 358
1690 363
1691 23
1692 157
1693 279
1694 301
1695 453
1696 749
1697 275
1698 750
1699 355
1700 751
1701 752
1702 667
1703 346
1704 212
1705 753
1706 271
1707 195
1708 259
1709 306
1710 71
1711 414
1712 754
1713 196
1714 34
1715 686
1716 105
1717 146
1718 621
1719 755
1720 485
1721 54
1722 756
1723 219
1724 580
1725 127
1726 757
1727 617
1728 758
1729 428
1730 232
1731 496
1732 282
1733 589
1734 759
1735 10
1736 760
1737 761
1738 762
1739 158
1740 45
1741 763
1742 579
1743 219
1744 416
1745 764
1746 319
1747 21
1748 575
1749 765
1750 766
1751 554
1752 523
1753 767
1754 768
1755 769
1756 297
1757 114
1758 551
1759 770
1760 282
1761 539
1762 428
1763 771
1764 772
1765 773
1766 774
1767 396
1768 621
1769 775
1770 776
1771 452
1772 777
1773 273
1774 493
1775 288
1776 186
1777 778
1778 779
1779 780
1780 781
1781 421
1782 782
1784 617
1785 783
1786 784
1787 575
1788 785
1789 786
1790 92
1791 787
1792 788
1793 789
1794 790
1795 598
1796 791
1797 792
1798 422
1799 392
1800 389
1801 232
1802 793
1804 333
1805 585
1806 794
1807 449
1808 795
1809 699
1810 419
1811 398
1812 679
1813 435
1814 796
1815 797
1816 366
1817 617
1818 798
1819 799
1820 800
1821 655
1822 139
1823 801
1824 802
1825 753
1826 370
1827 316
1828 803
1829 804
1830 744
1831 805
1832 806
1833 773
1834 313
1835 807
1836 808
1837 15
1838 809
1839 810
1840 811
1841 812
1842 470
1843 368
1844 813
1845 218
1846 699
1847 127
1848 567
1849 814
1850 220
1851 239
1852 815
1853 582
1854 816
1855 817
1856 818
1857 133
1858 257
1859 326
1860 337
1861 264
1862 819
1863 820
1864 821
1865 709
1866 822
1867 823
1868 629
1869 352
1870 150
1871 587
1872 23
1873 474
1874 280
1875 824
1876 165
1877 385
1878 825
1879 335
1880 826
1881 827
1882 419
1883 493
1884 691
1885 828
1886 829
1887 470
1889 830
1890 811
1891 831
1892 832
1893 260
1894 288
1895 351
1896 188
1897 428
1898 306
1899 598
1900 723
1901 617
1902 544
1903 833
1904 834
1905 149
1906 290
1907 335
1908 723
1909 835
1910 627
1911 194
1912 89
1913 421
1914 582
1915 836
1916 580
1917 837
1918 432
1919 838
1920 346
1921 839
1922 840
1923 841
1924 603
1925 735
1926 842
1927 121
1928 843
1929 844
1930 739
1931 845
1932 393
1933 846
1934 714
1935 406
1936 123
1937 215
1938 510
1939 667
1940 306
1941 847
1942 179
1943 848
1944 337
1945 346
1946 456
1947 760
1948 106
1949 733
1950 2
1951 849
1952 170
1953 850
1954 851
1955 747
1956 852
1957 34
1958 195
1959 34
1960 853
1961 156
1962 225
1963 235
1964 854
1965 855
1966 146
1967 338
1968 722
1969 744
1970 201
1971 321
1972 661
1973 210
1974 514
1975 856
1976 690
1977 760
1978 857
1979 760
1980 393
1981 858
1982 859
1983 860
1984 548
1985 861
1986 862
1988 675
1989 863
1990 816
1991 592
1992 424
1993 259
1994 864
1995 865
1996 866
1997 675
1998 108
1999 75
2000 867
2001 847
2002 214
2003 554
2004 868
2005 503
2006 50
2007 869
2008 870
2009 380
2010 470
2011 790
2012 139
2013 144
2014 428
2015 47
2016 213
2017 871
2018 872
2019 873
2020 874
2021 493
2022 875
2023 189
2024 876
2025 407
2026 503
2027 877
2028 449
2030 437
2031 878
2032 275
2033 879
2034 98
2035 128
2036 880
2037 491
2038 220
2039 881
2040 747
2041 882
2043 883
2044 10
2045 108
2046 884
2047 885
2048 886
2049 887
2050 888
2051 675
2052 529
2053 214
2054 889
2055 890
2056 259
2057 379
2058 667
2059 891
2060 114
2061 1
2062 403
2063 369
2064 189
2065 54
2066 892
2067 144
2068 470
2069 799
2070 667
2071 893
2072 778
2073 419
2074 667
2075 29
2076 579
2077 894
2078 229
2079 229
2080 302
2081 211
2082 575
2083 895
2084 896
2086 474
2087 407
2088 897
2089 768
2090 898
2091 899
2092 645
2093 744
2094 103
2095 741
2096 900
2097 901
2098 902
2099 903
2100 904
2101 905
2102 663
2103 906
2104 624
2105 907
2106 799
2107 908
2108 797
2109 692
2110 143
2111 730
2112 305
2113 909
2114 910
2115 911
2116 50
2117 882
2118 558
2119 593
2120 912
2122 487
2123 295
2124 320
2125 913
2126 914
2127 915
2128 916
2129 429
2130 917
2131 846
2132 838
2133 243
2134 536
2135 360
2136 918
2137 308
2138 39
2139 760
2140 919
2141 325
2142 75
2143 91
2145 920
2146 921
2147 139
2148 922
2149 378
2150 923
2151 924
2152 925
2153 926
2154 927
2155 928
2156 929
2157 165
2158 495
2159 239
2160 930
2161 526
2162 159
2163 466
2164 307
2165 257
2166 813
2167 231
2168 57
2169 931
2170 874
2171 592
2172 932
2173 180
2174 579
2175 89
2176 122
2177 413
2178 375
2179 933
2180 927
2182 404
2183 108
2184 667
2185 110
2186 769
2187 934
2188 935
2189 254
2190 936
2191 775
2192 45
2193 937
2194 938
2195 445
2196 667
2197 939
2198 833
2199 940
2200 544
2201 445
2202 729
2203 941
2204 942
2205 943
2206 99
2207 322
2208 944
2209 945
2210 434
2211 946
2212 754
2213 73
2214 660
2215 184
2216 120
2217 947
2218 79
2219 948
2220 949
2221 667
2222 950
2224 951
2225 952
2226 226
2227 953
2229 954
2230 159
2231 955
2232 775
2233 956
2234 535
2235 760
2236 957
2237 100
2238 958
2239 959
2240 960
2241 961
2242 962
2243 963
2244 0
2245 964
2246 598
2247 661
2248 410
2249 965
2250 554
2251 761
2252 314
2253 966
2254 926
2255 383
2256 696
2257 967
2258 968
2259 969
2260 594
2261 5
2262 970
2263 971
2264 256
2265 972
2266 355
2267 157
2268 973
2269 974
2270 975
2271 976
2272 977
2273 978
2274 124
2275 979
2276 789
2277 980
2278 981
2279 71
2280 99
2281 982
2282 983
2283 984
2284 104
2285 985
2286 322
2287 986
2288 220
2289 337
2290 987
2291 311
2292 450
2293 988
2294 989
2295 33
2297 417
2298 247
2299 990
2300 551
2301 991
2302 213
2303 992
2304 667
2305 993
2306 994
2307 995
2308 397
2309 996
2310 667
2311 997
2312 998
2313 797
2314 235
2315 999
2316 1000
2317 1001
2318 667
2319 1002
2320 482
2321 1003
2322 1004
2323 730
2324 1005
2325 445
2326 1006
2327 1007
2328 1008
2329 1009
2330 886
2331 617
2332 1010
2333 1011
2334 1012
2336 803
2337 1013
2338 1014
2339 1015
2340 62
2341 209
2342 195
2343 813
2344 318
2345 156
2346 99
2347 2
2348 303
2349 232
2351 1016
2352 34
2353 1017
2354 1018
2355 980
2356 103
2357 253
2358 353
2359 855
2360 470
2361 73
2362 760
2363 1019
2364 1020
2365 75
2366 501
2367 259
2368 1021
2369 1022
2370 1023
2371 500
2372 133
2373 1024
2374 47
2375 46
2376 1025
2377 417
2378 1026
2379 736
2380 618
2381 998
2382 1027
2383 1028
2384 1029
2385 1030
2386 939
2387 1031
2388 476
2389 385
2390 1032
2391 458
2392 1033
2393 871
2394 667
2395 1034
2396 1005
2397 575
2398 1035
2399 1036
2400 334
2401 1037
2402 1038
2403 878
2404 1039
2405 139
2406 1040
2407 198
2408 1041
2409 865
2410 1042
2411 1043
2412 1044
2413 1045
2414 1046
2415 1047
2416 1048
2417 1049
2418 544
2419 667
2420 1050
2421 94
2422 1051
2423 239
2425 358
2426 1052
2427 264
2428 755
2429 1053
2430 1054
2431 497
2432 1055
2433 1056
2434 1057
2435 1058
2436 1059
2437 503
2438 667
2439 1060
2440 1011
2441 1061
2442 20
2443 1062
2444 486
2445 1063
2446 667
2447 1064
2449 1065
2450 1066
2451 1067
2452 951
2453 1068
2454 803
2455 1069
2456 414
2457 432
2458 1070
2459 953
2460 1071
2461 1072
2462 639
2463 482
2464 1073
2465 1074
2466 1075
2467 1076
2468 1077
2469 1078
2470 1079
2471 1080
2472 1081
2473 353
2474 1082
2475 31
2476 1083
2477 1084
2478 306
2479 1085
2480 445
2481 434
2482 275
2483 1086
2484 1087
2485 1088
2486 71
2487 66
2488 783
2489 653
2490 760
2491 1089
2492 792
2493 409
2494 1043
2495 247
2496 381
2497 613
2498 474
2499 1090
2500 1091
2501 1092
2502 45
2503 421
2504 590
2505 1093
2506 1094
2507 375
2508 1095
2509 1096
2510 1097
2511 1098
2512 824
2513 114
2514 1099
2515 1005
2516 1040
2517 1100
2518 898
2519 1101
2520 454
2521 1102
2522 978
2523 1103
2524 1104
2525 322
2526 99
2527 886
2528 904
2529 588
2531 742
2532 1056
2533 961
2535 1105
2536 295
2537 900
2538 259
2539 647
2540 115
2541 404
2542 476
2543 794
2544 1106
2545 1107
2546 1108
2547 588
2548 599
2549 1109
2550 1110
2551 427
2552 885
2553 1111
2554 894
2555 1112
2556 1113
2557 1114
2558 165
2559 1115
2560 451
2561 306
2562 1116
2563 1117
2564 1118
2565 1119
2566 1120
2567 871
2568 707
2569 1121
2570 1122
2571 1123
2572 1124
2573 858
2574 1125
2575 366
2576 157
2577 1126
2578 803
2579 1127
2580 986
2581 1128
2582 1129
2583 819
2584 755
2585 1130
2586 305
2587 1131
2588 1132
2589 310
2590 207
2591 1028
2592 754
2593 156
2594 1133
2595 1134
2596 755
2597 1135
2598 297
2599 1136
2600 1085
2601 1019
2602 1137
2603 1048
2604 1138
2605 1139
2606 1140
2607 1141
2608 34
2609 157
2610 1142
2611 600
2612 127
2613 127
2614 738
2615 48
2616 104
2617 1143
2618 521
2619 1144
2620 438
2621 141
2622 509
2623 239
2624 1145
2625 1146
2626 1147
2627 1064
2628 1148
2629 384
2630 1149
2631 487
2632 1150
2633 372
2634 590
2636 470
2637 880
2638 1147
2639 1034
2640 1151
2641 1152
2642 661
2643 1153
2644 326
2645 660
2646 379
2647 1154
2648 456
2649 740
2650 235
2651 752
2652 447
2653 67
2654 1155
2655 461
2656 177
2657 1156
2658 1157
2659 1158
2660 1159
2661 1160
2662 667
2663 332
2664 994
2665 421
2666 730
2667 1161
2668 1162
2669 1163
2670 1164
2671 1165
2672 569
2673 1166
2674 1167
2675 419
2676 1168
2677 17
2678 986
2679 984
2680 301
2681 1169
2682 1170
2683 1171
2684 177
2685 1172
2686 1173
2687 1174
2688 189
2689 1175
2690 278
2691 120
2692 1176
2693 1177
2694 1178
2695 242
2696 134
2697 1179
2698 736
2699 539
2700 728
2701 346
2702 855
2703 567
2704 1180
2705 840
2706 1181
2707 497
2708 225
2709 649
2710 504
2711 831
2712 1032
2713 1182
2714 219
2715 570
2716 1183
2717 308
2718 1184
2719 507
2720 1185
2721 1186
2722 788
2723 1187
2724 105
2725 5
2726 1188
2727 617
2728 1189
2729 898
2730 1117
2731 830
2732 580
2733 1190
2734 1191
2735 1192
2736 1193
2737 1194
2738 845
2739 1195
2740 1196
2741 1197
2742 1198
2743 497
2744 1199
2745 1200
2746 1201
2748 1202
2749 1107
2750 1203
2751 1204
2752 503
2753 1205
2754 232
2755 112
2756 1206
2757 994
2758 560
2759 760
2760 45
2761 1207
2762 374
2763 194
2764 374
2765 1208
2766 380
2767 1209
2768 78
2769 1041
2770 1210
2771 1211
2772 1212
2773 582
2774 1213
2775 976
2776 321
2777 762
2778 1214
2779 837
2780 404
2781 1215
2782 927
2783 1216
2784 1217
2785 554
2786 450
2787 533
2788 380
2789 1218
2790 918
2791 421
2792 416
2793 174
2794 1134
2795 949
2796 1219
2797 1220
2798 1221
2799 1187
2800 561
2801 1222
2802 1223
2803 608
2804 1144
2805 1224
2806 73
2807 18
2808 983
2809 1225
2810 470
2811 720
2812 1226
2813 1227
2814 729
2816 626
2817 1228
2818 1229
2819 1230
2820 486
2821 1231
2822 1232
2823 1233
2824 1234
2825 880
2826 1235
2827 806
2828 1236
2829 1237
2830 1238
2831 1239
2832 1240
2833 335
2834 691
2835 1241
2836 1242
2837 1243
2838 1244
2839 421
2840 1245
2841 418
2842 645
2843 1246
2844 819
2845 652
2846 1247
2847 1120
2848 393
2849 1248
2850 1249
2851 1250
2852 569
2853 1193
2854 120
2855 1251
2856 882
2857 1252
2858 1253
2859 1254
2860 1255
2861 1256
2862 1257
2863 1258
2864 1259
2865 1260
2866 1159
2867 1261
2868 1262
2869 1263
2870 1264
2871 708
2872 1265
2873 1266
2874 1267
2875 1268
2876 1141
2877 1269
2878 1210
2879 1270
2880 1271
2881 459
2882 1272
2883 1273
2884 1274
2885 1275
2886 1276
2887 1277
2888 1278
2889 1279
2890 701
2891 1280
2892 535
2893 1281
2894 270
2895 1282
2896 653
2897 1283
2898 951
2899 1284
2900 1285
2901 1286
2902 641
2903 614
2904 1287
2905 1288
2906 1085
2907 1289
2908 1290
2909 1291
2910 570
2911 473
2912 545
2913 1292
2914 255
2915 554
2916 1293
2917 1206
2918 1294
2919 1106
2920 366
2921 1295
2922 440
2923 1296
2924 79
2925 1297
2926 1298
2927 83
2928 505
2929 1299
2930 891
2932 1300
2933 1098
2934 940
2935 871
2936 904
2937 1301
2938 1302
2939 898
2940 1303
2941 1058
2942 1304
2943 1305
2944 982
2945 1306
2946 1307
2947 1308
2948 1309
2949 1310
2950 1311
2952 1312
2953 124
2954 406
2955 1313
2956 1314
2957 1315
2958 661
2959 830
2960 1316
2961 1317
2962 1318
2963 1319
2964 1320
2965 1198
2966 901
2967 1321
2968 1322
2969 1323
2970 1324
2971 1325
2972 1326
2973 160
2974 1327
2975 1328
2976 410
2977 1329
2978 125
2979 1330
2980 322
2981 445
2982 1331
2983 1332
2984 1090
2985 1333
2986 662
2987 1334
2988 1335
2989 79
2990 1336
2992 490
2993 1337
2994 1145
2995 1338
2996 1339
2997 729
2998 1340
2999 1341
3000 1005
3001 1342
3002 309
3003 1343
3004 745
3005 983
3006 54
3007 879
3008 1344
3009 1005
3011 1345
3012 898
3013 1346
3014 1041
3015 412
3016 1347
3017 780
3018 923
3019 1348
3020 1349
3021 1350
3022 1351
3023 1352
3024 1353
3025 1354
3026 576
3027 1355
3028 1356
3029 567
3031 1357
3032 1358
3033 1359
3034 909
3035 512
3036 1360
3037 1361
3038 551
3039 1362
3040 948
3041 1346
3042 1363
3043 1364
3044 1365
3045 948
3046 629
3047 1366
3048 1367
3049 660
3050 1046
3051 923
3052 1368
3053 761
3054 902
3055 1369
3056 1370
3057 1144
3058 307
3059 1371
3060 755
3061 1372
3062 1373
3063 1374
3064 1375
3065 1376
3066 1377
3067 1378
3068 1379
3069 660
3070 1380
3071 1381
3072 404
3073 434
3074 14
3075 1320
3076 335
3077 1381
3078 334
3079 1382
3080 1215
3081 280
3082 426
3083 407
3085 1383
3086 1381
3087 798
3088 346
3090 1090
3091 602
3092 580
3093 1384
3094 574
3095 1032
3096 1385
3097 45
3098 1352
3099 1276
3100 114
3101 786
3102 1386
3104 1387
3106 1290
3107 176
3108 1237
3109 1388
3110 1274
3111 1139
3112 1389
3113 1390
3114 1391
3115 408
3116 1373
3117 1392
3118 558
3119 546
3120 1393
3121 1394
3122 1395
3123 561
3124 503
3125 1396
3126 1212
3127 1397
3128 1398
3129 1399
3130 1400
3131 1341
3132 1401
3133 404
3134 1402
3135 1403
3136 744
3137 728
3138 1404
3139 1405
3140 1406
3141 1407
3142 1408
3143 475
3144 386
3145 1409
3146 131
3147 1410
3148 247
3149 1411
3150 1412
3151 51
3152 49
3153 1342
3154 1413
3155 856
3156 65
3157 1414
3158 1415
3159 1036
3160 1416
3161 1417
3162 1418
3163 865
3164 0
3165 1419
3166 303
3167 1420
3169 582
3170 71
3171 1293
3172 1421
3173 1422
3174 333
3175 1423
3176 353
3177 1424
3178 1090
3179 9
3180 193
3181 115
3182 1425
3183 1160
3184 449
3185 421
3186 1426
3187 1427
3188 1160
3189 355
3191 484
3192 1428
3193 354
3194 744
3195 877
3196 1429
3197 1430
3198 1431
3199 1432
3200 1433
3201 1434
3202 546
3203 1136
3204 1435
3205 1436
3206 1437
3208 1438
3209 991
3210 1439
3211 888
3212 1440
3213 1441
3214 1442
3215 662
3216 1443
3217 1389
3218 1444
3219 1445
3220 1253
3221 878
3222 385
3223 1446
3224 1058
3225 1447
3226 1448
3227 1449
3228 1450
3229 1451
3230 1075
3231 1278
3232 1452
3234 1453
3235 1454
3236 1455
3237 1456
3238 1457
3239 1458
3240 1459
3242 1276
3243 1321
3244 1111
3245 1460
3246 1421
3247 631
3248 1461
3249 589
3250 1462
3251 932
3252 737
3253 1463
3254 1464
3255 1465
3256 1466
3257 421
3258 1467
3259 1468
3260 1009
3261 1469
3262 1470
3263 1471
3264 1472
3265 640
3266 1473
3267 1018
3268 1474
3269 1475
3270 1476
3271 1477
3272 1478
3273 1479
3274 855
3275 159
3276 1480
3277 1481
3278 841
3279 801
3280 1482
3281 775
3282 486
3283 618
3284 582
3285 539
3286 1483
3287 1484
3288 78
3289 1485
3290 1486
3291 1487
3292 1488
3293 234
3294 1489
3295 769
3296 961
3297 1490
3298 1491
3299 1492
3300 481
3301 1493
3302 138
3303 213
3304 1494
3305 1321
3306 259
3307 1495
3308 1496
3309 1497
3310 1498
3311 1425
3312 1499
3313 1500
3314 1501
3315 769
3316 1502
3317 1503
3318 1504
3319 405
3320 1381
3321 1505
3322 1506
3323 1297
3324 44
3325 69
3326 1270
3327 803
3328 1507
3329 1508
3330 1509
3331 16
3332 1116
3333 1510
3334 536
3335 1065
3336 1274
3337 1511
3338 1438
3339 1512
3340 1513
3341 1514
3342 450
3343 821
3344 1515
3345 1516
3345 1540
3346 1517
3347 1518
3348 1519
3349 1520
3350 1521
3352 1522
3353 1523
3354 374
3355 1119
3356 1524
3358 1525
3359 1387
3360 1235
3361 1274
3362 1526
3363 167
3364 1527
3365 582
3366 1528
3367 1529
3368 1530
3369 494
3370 755
3371 949
3372 1531
3373 1532
3374 793
3375 1442
3376 1029
3377 1533
3378 1534
3379 1535
3380 1536
3381 1537
3382 1538
3383 1539
3384 603
3385 1089
3386 32
3387 886
3388 1541
3389 421
3391 40
3392 115
3393 1542
3394 71
3395 1543
3396 789
3397 1544
3398 1545
3399 1546
3400 1547
3401 1165
3402 1548
3403 1549
3404 1550
3405 1551
3406 1552
3407 1553
3408 1554
3409 413
3410 1555
3411 831
3412 1556
3414 1380
3415 1557
3416 204
3417 696
3418 1558
3419 728
3421 1249
3422 419
3423 894
3424 217
3425 546
3426 667
3427 1559
3428 10
3429 1560
3430 1561
3431 1562
3432 1563
3433 1208
3434 1564
3435 1565
3436 1566
3437 1567
3438 744
3439 667
3440 1568
3441 1568
3442 975
3443 1541
3444 1569
3445 549
3446 1499
3447 1570
3448 1571
3449 1250
3450 1572
3451 981
3452 71
3453 1160
3454 1573
3455 372
3456 1574
3457 582
3458 1575
3459 1576
3460 1577
3461 1561
3462 1578
3463 452
3464 1579
3465 189
3466 1580
3467 749
3468 1581
3469 1233
3470 259
3471 1582
3472 828
3473 1583
3474 1584
3475 1585
3477 548
3478 1586
3479 1587
3480 1283
3481 697
3482 1588
3483 1589
3484 1590
3485 1591
3486 1592
3487 1593
3488 1594
3489 1447
3490 986
3491 1595
3492 1596
3493 1597
3494 1598
3495 1599
3496 1600
3497 1601
3498 1602
3499 1603
3500 939
3502 790
3503 1058
3504 1604
3505 1605
3506 255
3507 228
3509 1606
3510 1442
3511 1607
3512 1447
3513 1608
3514 1609
3515 1592
3516 105
3517 1610
3518 5
3519 1611
3520 1612
3521 1613
3522 1614
3523 1615
3524 431
3525 1616
3526 1617
3527 1618
3529 1619
3530 370
3531 1620
3532 1621
3533 831
3534 901
3535 1622
3536 1623
3537 1624
3538 753
3539 1625
3540 1626
3541 1627
3542 1358
3543 894
3544 899
3545 1041
3546 1628
3547 1629
3548 1630
3549 316
3550 1631
3551 1632
3552 1633
3553 1574
3554 1634
3555 440
3556 1381
3557 1635
3558 445
3559 421
3560 579
3561 1293
3562 177
3563 1005
3564 1053
3565 1607
3566 1636
3567 584
3568 1637
3569 736
3570 455
3571 1571
3572 1563
3573 144
3574 1211
3575 1638
3576 1607
3577 1285
3578 1053
3580 1639
3581 1640
3582 744
3583 1641
3584 1498
3585 1211
3586 1642
3588 464
3589 1643
3590 1644
3591 830
3592 1342
3593 1645
3594 411
3595 1646
3596 1647
3597 1096
3598 1245
3599 76
3600 1547
3601 818
3602 582
3603 1165
3604 1648
3605 1649
3606 1650
3607 1651
3608 1652
3609 1653
3610 1654
3611 1655
3613 1656
3614 1657
3616 1169
3617 1658
3618 1659
3619 960
3620 1660
3621 1661
3622 1662
3623 1663
3624 1664
3625 640
3626 1665
3627 1666
3628 1667
3629 1668
3630 1669
3631 1670
3632 1671
3633 368
3634 1635
3635 1672
3636 1673
3637 1116
3638 1674
3639 1675
3640 1052
3641 1563
3642 831
3643 1676
3644 1677
3645 1678
3646 1631
3647 1679
3648 1595
3649 831
3650 1680
3651 1005
3652 1681
3653 1682
3654 1683
3655 1499
3656 678
3657 1684
3658 1192
3659 1685
3660 503
3661 1436
3662 744
3663 1686
3664 1687
3665 1688
3666 1689
3667 1151
3668 1690
3669 1691
3670 1508
3671 307
3672 1692
3673 1693
3674 1694
3675 1695
3676 62
3677 1696
3678 1697
3679 421
3680 1698
3681 1144
3682 1699
3683 1473
3684 1700
3685 1598
3686 1701
3687 674
3688 1598
3689 812
3690 1702
3691 1703
3692 1652
3693 1704
3694 1705
3695 1706
3696 1707
3697 1708
3698 1439
3699 1709
3700 1710
3701 1711
3702 1712
3703 1642
3704 1713
3705 1714
3706 473
3707 1715
3709 667
3710 667
3711 1716
3712 78
3713 1717
3714 679
3715 1718
3716 166
3717 1719
3718 1720
3719 1721
3720 1722
3721 1723
3722 1397
3723 744
3724 108
3725 585
3726 1724
3727 1725
3728 354
3729 1726
3730 1727
3731 1728
3732 1729
3733 47
3734 555
3735 335
3737 1438
3738 1730
3739 1731
3741 1732
3742 1733
3743 1646
3744 1734
3745 181
3746 1735
3747 1736
3748 1737
3749 1738
3750 925
3751 1739
3752 1473
3753 38
3755 1740
3756 1741
3757 456
3758 1742
3759 1743
3760 1744
3761 1745
3762 1746
3763 1747
3764 1748
3765 1749
3766 1750
3767 667
3768 1751
3770 1752
3771 1466
3772 1546
3773 1753
3774 1754
3775 1755
3776 1466
3777 405
3778 1756
3779 1757
3780 1758
3781 1759
3782 1116
3783 1452
3784 956
3785 1760
3786 1761
3787 1762
3788 1763
3789 1764
3790 1765
3791 1766
3792 522
3793 1724
3794 308
3795 1767
3796 1768
3797 1769
3798 1770
3799 1771
3800 1772
3801 1773
3802 1774
3803 1775
3804 1607
3805 1776
3806 1777
3807 1778
3808 168
3809 1779
3810 794
3811 1769
3812 1097
3813 1780
3814 1680
3815 1781
3816 1782
3817 1635
3818 1447
3819 1783
3820 1784
3821 1785
3822 1786
3823 1787
3824 404
3825 1788
3826 1789
3827 1790
3828 1791
3829 1635
3830 1710
3831 1245
3832 758
3833 451
3834 803
3835 1252
3836 1792
3837 1793
3838 1794
3839 1795
3840 1570
3841 1796
3842 452
3843 1797
3844 1798
3845 1799
3846 1800
3847 1801
3848 1802
3849 1803
3850 1115
3851 1804
3852 1166
3853 1321
3854 1805
3855 1806
3856 1807
3857 1808
3858 1809
3859 1810
3860 1811
3861 1812
3862 1813
3863 1814
3864 1815
3865 1816
3866 1817
3867 1818
3868 1819
3869 120
3871 1358
3872 1820
3873 1821
3874 1822
3875 1823
3877 1824
3878 1825
3879 1826
3880 1827
3881 1665
3882 1571
3883 1563
3884 1828
3885 1631
3887 421
3888 335
3889 410
3890 1829
3891 1830
3892 830
3893 1103
3894 1571
3895 1831
3896 1832
3897 160
3898 1833
3899 1834
3900 1835
3901 1836
3902 1837
3903 1838
3904 1839
3905 1840
3906 1841
3907 1491
3908 1842
3909 298
3910 1843
3911 1844
3912 1473
3914 1845
3915 1846
3916 1847
3917 1848
3918 1849
3919 1850
3920 1491
3921 1851
3922 1852
3923 1853
3924 520
3925 1854
3926 1368
3927 45
3928 473
3929 1855
3930 733
3931 1856
3932 1039
3933 1857
3934 1858
3935 1859
3936 1860
3937 1861
3938 1862
3939 1543
3940 1065
3941 1863
3942 1864
3943 1865
3944 1866
3945 1467
3946 1342
3947 1867
3948 1498
3949 1868
3950 1869
3951 1870
3952 847
3953 452
3954 1871
3955 1627
3956 1872
3957 1873
3958 1874
3959 1875
3960 1876
3961 1877
3962 1878
3963 350
3964 1879
3965 1880
3966 1881
3967 506
3968 1882
3969 1883
3970 611
3971 1884
3972 1885
3973 1886
3974 1887
3975 1647
3976 1888
3977 840
3978 1889
3979 1890
3980 1891
3981 1892
3982 1893
3983 1894
3984 1895
3985 1381
3986 1896
3987 1897
3988 1898
3989 1899
3990 1900
3991 1901
3992 1902
3993 1903
3994 1904
3995 1905
3996 1906
3997 1907
3999 1908
4000 1909
4001 1724
4002 1910
4003 1911
4004 292
4005 1831
4006 1912
4007 578
4008 1913
4009 1914
4010 758
4011 1915
4012 1916
4013 1917
4014 1918
4015 673
4016 1919
4017 1523
4018 1557
4019 1920
4020 1547
4021 1677
4022 1212
4023 1921
4024 1922
4025 1923
4026 366
4027 1924
4028 1925
4029 1926
4030 433
4031 1927
4032 134
4033 1928
4034 19
4035 1685
4036 764
4037 978
4038 1929
4039 1348
4040 24
4041 1511
4042 1930
4043 1931
4044 1932
4045 1933
4046 1934
4047 1935
4048 1936
4049 1937
4050 1938
4051 440
4052 1704
4053 1939
4054 1940
4055 1941
4056 1942
4057 405
4058 1943
4059 1944
4060 1719
4061 1945
4062 1718
4063 1946
4064 863
4065 1947
4066 1948
4067 1949
4068 1950
4069 1948
4070 1116
4071 1951
4072 1520
4073 1952
4074 1953
4075 1820
4076 1954
4077 1176
4078 1955
4079 37
4080 1956
4081 1915
4082 1957
4083 1958
4084 1959
4085 1960
4086 1961
4087 1682
4088 10
4089 448
4090 1362
4091 1962
4092 1963
4093 1964
4094 1965
4095 1966
4096 1967
4097 1715
4098 1343
4099 110
4100 1968
4101 1969
4102 1970
4103 1971
4104 1972
4105 1654
4106 1973
4107 1974
4108 641
4109 1975
4110 239
4111 1490
4112 1976
4114 1977
4116 657
4117 470
4118 1978
4119 1979
4120 1980
4121 1981
4122 1982
4124 986
4125 1983
4126 1635
4127 1984
4128 699
4129 1985
4130 1453
4131 531
4132 1986
4133 1732
4134 1732
4135 1987
4136 1988
4137 1989
4138 1488
4139 1990
4140 1991
4141 1992
4142 1993
4143 1994
4144 1995
4145 1996
4146 1997
4147 582
4148 1342
4149 1998
4150 37
4151 1999
4152 729
4153 2000
4154 2001
4155 2002
4156 2003
4157 1950
4158 2004
4159 1572
4160 2005
4161 1274
4163 2006
4164 949
4165 2007
4166 2008
4167 2009
4168 2010
4169 2011
4170 2012
4171 1425
4172 2013
4173 2014
4174 1029
4175 2015
4176 2016
4177 2017
4178 78
4179 49
4180 706
4181 2018
4182 2019
4183 860
4184 168
4185 2020
4186 1002
4187 1237
4188 2021
4189 2022
4190 2023
4191 1909
4192 2024
4193 2025
4194 2026
4195 2027
4196 2028
4197 2029
4198 2030
4199 421
4200 2031
4201 1876
4202 2032
4203 2033
4204 221
4205 1350
4206 2034
4207 2035
4208 2036
4209 2037
4210 1415
4211 2038
4212 2039
4213 1988
4214 2040
4215 2041
4216 1719
4217 2042
4218 2043
4219 154
4220 2044
4221 2045
4222 2046
4223 2047
4224 2048
4225 115
4226 2050
4227 2051
4228 1773
4229 2052
4230 1954
4231 2053
4232 2054
4233 2055
4234 1592
4235 2056
4236 2057
4237 2058
4238 2059
4239 2060
4240 2061
4241 2062
4242 452
4243 2063
4244 2064
4245 2065
4246 2066
4247 2067
4248 582
4249 2068
4250 2066
4251 816
4252 2069
4253 370
4254 744
4255 2070
4256 2071
4257 1719
4258 2072
4259 1237
4260 2073
4261 1120
4262 1125
4263 2074
4264 2075
4265 2076
4266 2077
4267 2078
4268 407
4269 2079
4270 1592
4271 2080
4273 2081
4274 2082
